80746 1956 3685 4758 3655 3688 56655
55234 29781 23310 51763 3981
8751 4800 23013 1266 10274
6117 2960 6938 6929 3148
4800 65125 4802 2767 4801
23032 51053 891 23607 2273 1111
253260 322 2782 6845 56655 1277
10980 50813 51138 1643 64708 8451 8453 6921 8454 10920 8533 9318 8450 9978 2873 10987 835
8665 8667 1981 8664 8666 27335 8668 8662 8661 10480 51386 8663 3646 1861
2033 6502 1163 890 1387 902 5933 1026 5934 896 81620
1398 3673 9325 3710 3675
71 5747 317 60 4643 4659 1072
2186 9219 5928 54815 23309 3065 53615 3066 79595 3915 1107 8819 5926 9112 25942 57459 124944 57504 3678 1108 2146 25855 3996 91750 121536
5970 57410 1499 1495 2319
8751 5496 23013 23385 10274
28957 6150 51069 26589 51264 56945 64928 51021 64975 29093 7818 63931 51081 219927 64960 51116 55173 64951 9801 128308 54460 54948 51642 6183 60488 64979 65005 64965 64432 92259 10240 116540 65080 28998 55052 64969 28973 51258 57129 54534 65003 65993 10884 29074 23107 64978 29088 64976 63875 122704 51253 51373 124995 11222 51073 64963 64968 65008 84545 28977 740 64949 114294 54148 6182 64983 84311 51649 51650 10573 55037 116541 79590 55168 51263 51023
128866 10109 10094 10097 3364 10092 10093 10095 10096 27243
5713 5706 5714 5688 5682 9861 5718 5707 5687 5710 5690 5716 5689 5717 5692 5705 5693 5694 10213 5684 5709 5702 5704 5691 8624 5719 5700 5695 5686 5683 5711 5701 6257 56984 5721 5715 5685
7323 5829 3676 9590 11146
4999 143098 8573 51421
4088 64601 57617 55823 57154 4087
4976 7416 9342 6879 6667 5190 9652
51604 6400 10026 8733
91949 22796 25839 57511 83548 10466 388552 84342
59345 2768
201595 79801 6840 11218 9804 387
322 2783 2782 59345 29781 2768 56655
4221 6845 5427 22894 1277
200081 51053 865 4686 9070
5537 8915 1938 8717 8613
27250 5134 1207 5537 27348 8717
5500 5664 9559 8766 79869
23032 2273
351 4173 9146 1656 84790 29978
6143 25920 7469 22826 10254 51497 55775
1176 11231 10717 58505 10239
4928 57122 55746 8021 79902 23279 11097 81929 5903 79023 3910
10001 29079 1024 112950 55090 51003 9477 9439 55588 5469 6837 51586 9440 9412 84246 10025 9968 9442 90390 80306 400569 81857 9282 9443 892 54797
79184 51691 55752 4735 23176 3068 26512
5562 7189 4513 7186
2186 25885 23309 2146 25855 121536
1912 5437 5439 5435 5440 2972
10445 57634 10971 64431 701 55929 10933 86 10856 10847 55257 10902 6396 8295 10499 93973 79658 26122 8089 9643
6520 4738 51699 1603 55167
1487 23429 10775 8535
93974 4289 4722 30849 51295 5289
25885 10849 5441 51082 84172 64425 25855
4172 6416 3643 999 26610 10589
64398 996 8662 27101 8573 267
9295 5001 6774 5297 55723 7157
2010 5982 6389 3956 51008
3838 201595 80143 9804 387
10482 65057 54386 64780 25913
80781 1956 3685 3655 3688 5361 3675
1982 50807 9521 3688 2873
10155 23649 5983 27348 23770
6873 4643 6884
51433 1650 64682 996 51434 29945 9133 29882
201595 5906 7756 9804 56254 387
3313 8473 1147 10920 10973 7517
64785 8801 81 9837 51659 84296
2966 8452 80223 10915 9688
1981 5530 54994 6464 682 3932 58505
2960 6938 51530 9658 6929
5476 2720 7398 10393
6594 8087 22837 161 114823 989
6152 2091 6732 9045 6143 6134 6234 6173 6130 9349 55299 6228 11137 6142 6135 6224 6159 6208 92856 8087 6217 26354 10607 10643 6176 6231 6727 4691 23405 6129 6206 6233 6164 11224 10642 6189 6203 6125 6204 6161 4869 6141 6144 6193 3609 6227 6146 6222 3178 6157 25873 6201 8531 6137 6132 6175 6230 7307 55272 59 3608 10940 10969 6156 6133 26156 4673 6158 6235 1660 6136 55131 6168 6223 26986 3921 6194 4904 23521 6191 6188 6229 1915 54913 6187 6139 10199 2197 6207 6209 6218 3192 6124 6181 6155 9188 51602 6202 4343 10514 6232 5590 5976 7311 4670 55646 5981 6169 1938 6205 4736 8971 6122 6430 84311 6128 22907 22794 10528 85437
5902 3276 2959 2935 55037 64750
87 1969 2767 5286 9232
8905 162 164 10053 1174 8906 130340
8452 80223 9688 2152
5433 5439 5441 5432 5435 5434 5431 5438 26258 5430 5436 3679 9150 5440
6873 6881 6883 4643 8295 5300 117143
539 10469 10632 93974 10476 506 522 521 4704 515 10245 498 51103 4722 10440 51295 4712 10256
56945 2011 51082 409 9555 11066
1912 6015 23429 284058 2873 8535 6045
80153 5688 11267 8825
6636 3297 5537 27348 8717
51604 6400 5901 23049 10254 10026
51604 6400 23199 23049 8725 10026
55752 4735 23176 7402
6883 143187 5810 5883
8027 23557 10094 3839 282991 2647
3376 9255 3735 5859 2058 7965 9521 5917 56655 51520 4141 1615
389362 91584 26986 84313 29924 64750
4528 57128 8803 7284 8802 1431 3680
9416 6636 23020 6633 10594 25949 84991 9343 1659 9716 10286 9879 988 5356 57703 3297 23398 9410 10450 27339 10523 22938 56949 6634 10992 10713 10421 51503 26121 84844 10907 11017 9128 51340 9129 24144 94104 9092 8896 2483 6632 6628 24148 3550 57461 22913 54108 55696 10262 5411
5520 51400 7014 5518 25913
3895 961 9517 2342 7095
9967 23607 29924 5335 1111 4087
6642 91949 64928 5530 10465 8826 150684
3838 201595 7037 6184 9804 387
637 7531 865 2177 5781 9943
6228 22916 1969 7525 648 79658
10498 23411 8165 5926 5976 8772 841
6873 6881 84661 6883 4809 6921 5300
6520 4738 7534 51699 10801 55167
6633 3376 50807 9521 5501 2873
8563 10614 6741 10978 29945 8896 8899
6638 65123 7249 6767 55257 9739 5290
54512 55140 11127 30011 22938 6428 3799
857 1738 3913 5160 5329
9111 3430
57117 65123 80789 55756 26173 55174 92105 54973 26512 57508 51367
1969 59345 7525 2768 2767
8754 1956 3685 3482 3688 5361 3909 3911
4841 2068 890 902 5933 9026
595 3778 1655 6157 208 4000 121536
56915 54512 11340 23016 23404 51010 5393 5394 51013
83540 5577 147841 57405 9610 10403
5537 27348 8717 5331
71 5868 3297 57504 3678 3996
6605 79801 6601 6840 55717 91754 23339
2961 2965 2968 196528 26993 8450
5576 64975 5577 162 164 79026
55845 10787 10163 10006 388552 868
7037 2958 143187 2395 55957 8417 10228
55140 8518 55250 25852 1605 7248
9529 116461 10048 5371
5073 65123 54464 55257 4704 1965
220988 8546 9459 7456
65057 7014 25913
7251 51510 25978 57132 8566 5144 27243
351 55802 5868 4173 1656 23644
51720 10498 991 4088 8723 4087
128866 51160 7251 51510 25978 23607 57132 27243 92421
10914 7341 1176 7155 7329 1400
10128 23411 4035 10142 23644 9519
55558 7534 55758 10801 8317
5073 22803 3069 54464 10657 80155 55257 1965
1499 55327 1495 5595 2319
55140 8518 1605 27044 11154 2308
5591 79840 596 51564
7818 5515 55729 5516 55599 9869
3276 79084 2935 3693 64750
10212 55752 4735 23176 3068 55717 4170
27316 1654 5702 208 59345 7337 2768
2960 2932 63931 6938 4141 6929
2033 51053 6502 1163 1017 891 890 902 5933 1026 9768 81620
55140 11234 8518 1605 84343
9918 701 991 4085 10499 4087
7094 3643 3673 3710 3675
22837 161 5329 114823 2064 989
322 2783 84164 2782 56655 1615
55140 11143 6830 8518 6829 5514
65057 51631 54386 25913 3572
6217 5433 8819 5435 6396 5440
5906 2588 23193 387
4001 55737 162 9459 7456
2547 71 5868 8727 84126
3276 2959 79084 2935 6741 5686 64750
10226 3309 5501 331 329
891 55114 983 7408 23607 2273 1111
9295 9221 10946 23524 9879 23451 57703 11338 51747 10250 22985 8899 55660 5411
81608 5888 5683 6257 51230
7414 10940 7052 128869
25839 3516 10066 9589 292 83548
5435 6396 5578 5721 10452 5440
10643 4008 3673 3932 3710 3675
3958 5537 2237 27348 8717
8607 4794 4791 64425 4790 5971 4792
203068 8674 7277 8411 8675
79075 5984 54921 10845 5985
5478 595 1020 7353 10075 4000
5576 5577 80349 162 164 84126
1956 3685 3655 3482 3688 56655 5361 3675 2734
1654 59345 2768 6809
81572 55802 6231 5868 6767 1656 23644
11198 51160 7525 25978 23607 1111
5537 8915 27348 8717
10492 6396 5578 5721 5265 10452
23476 55749 9212 56259 9371 11154
5052 1956 9689 9879 8650 10421
2963 54464 55257 8894 4704 1965
5451 10487 7408 1277
5902 637 7531 9031 865 10847 8717
2067 2072 2011 9555 11066
10914 7341 1176 57599 10239
10728 55746 4893 9367 2597 2891
2588 9810 5589 23193
6881 6883 3181 10285 23759 80012 117143
25885 5425 54994 25855 57804
64960 4289 5595 30849 5289
5433 6129 5435 7088 3911 5440
6502 1163 8910 92609 10440 1026 81620
867 868
4152 967 961 11284
4528 10128 8803 7284 8802 10142 3680
9462 5515 55729 5516 1977 1385 9869 7936
5515 4793 5519 5518 2810 5525
10849 9682 51082 84172 8140 64425
83540 7536 10985 51645 57405 9610 10403
83990 1029 10664 3993 894
79801 7411 7035 6840 10471 5202 84612 5201
6164 405 10920 23165 9869 10363
7414 1153 10940 1107 6629 128869
4152 1477 1019 7518 1479 11284
8473 10629 23513 51400 5295 5578
25885 1457 10138 196 79109 25855
6727 51592 5537 8915 4008 8717
93974 4289 55250 25852 30849 5289
8772 841
6867 8881 54921 10460
4172 4173 4174 4171 6416 3643 999 4175 10589
23186 55723 64601 10362 57617 55823
57492 9801 1969 23310 51763 2767 6717
10923 5426 8165 5427 2770
865 80789 54913 10067 51367
4627 91584 25801 3691 7409 23586
83540 11127 30011 6428 55330 3799
708 7430 9522 3913 5160 219771
23032 998 5531 2273 5883
5982 64682 6878 6877 6874 51008
51433 28964 84061 3690
2960 7750 23028 55758 51497 9658 10363
5001 6125 6774 116461 55723 192111
9759 8905 2058 5287 130340
22916 28956 1969 7525 2767
4152 1019 4673 79760 11284 1021
5515 5516 80143 9869
5576 5577 3832 162 147841 164
23429 8535
81572 7411 8829 7035 10471 5202 84612 5201
8540 5859 9517 2342 7095
91949 25839 4869 83548 10466 150684 84342 51665
2720 7529 10557 10579 10393
6881 6118 9793 2885 2923 5300 54518
9406 2965 5034 196528 26993 811
9793 2885 2923 54518
10788 3676 9590 4149 3910
84313 51028
23032 998 6657 6389 9584
2054 11176 2060 5590 5584 84612
4928 5591 57128 79840 51564
4152 3609 7518 1479 1174 11284
10787 830 832 2934 388552
93974 4289 10296 1643 55250 25852 30849
1029 3993 894 896
9918 10592 79874 7517 2319
6227 2060 5584 84612 5201 7409
7283 1650 2130 6880 84305 9133
8841 9551 5203 51692 10892 8539
6183 80335 5683 6257 51230
55250 3655 25852 83737 3675
83540 51645 147841 57405 10403 3298
9759 5287
55752 80349 4735 123169 23176 54623 9646 84126
1477 6867 1478 10059 4683
11234 84343 79803 5290
71 3190 57504 5082 3678 3996
65123 5303 4174 55257 4704 1965 9739
93974 4289 10296 1643 116461 10048 54994 25852
8087 8531 22837 161 5711 989
2966 2965 2967 2968 196528 26993
10952 11231 10717 5519 6184 6747 2810 1603
1020 51690 79002 7353 10075 4853
1778 164 10053 55775 130340
92259 4794 4791 1174 4790 5971 4792
3676 3679 3910
5725 2395 7428 124944 8417 10228
4172 9785 347733 999 29979
4172 8803 3643 2956 26610 10589
1793 6175 5537 2247 27348
84661 4809 6421 6845 6182 1277
55802 8666 5868 7307 23644 93621
8910 10440
23513 51400 6396 5578 5721 10452
64785 4794 4791 25929 4790 84296 5971
5500 9559 8766 59 11338
7251 5683 6257 8566 51230
6520 4738 5747 51699 4659 1603 55167
10197 4678 51592 4008 2189
9757 1488 7764 9265
25885 79595 7158 5926 25855 6418
6638 10013 4361 6809 282991 2647
9817 5787
7414 80789 10940 54913 128869 51367
3915 3913 5361 3909 3911
4152 7518 967 1479 11284
7037 143187 6845 6810 2395 8417 10228 6809 10490
26258 282991 2647
26173 26156 3676 9590 3910
2067 2072 7507 11066
5476 2720 4673 10403 10393 11154 11284
64398 830 6601 91754 832 2934
10632 5001 6774 192111 2776 30836 4712
1650 64682 3703 6464 9133 58505
3895 9329 154796 961 9517 7095
3655 83737 3675 5921
3728 2521 999 282991 2647
2961 23476 9212 84321 9371
2186 55723 23512 8726 2146 25855 121536
5500 9559 8766 5499 5568
5901 22826 10254 29780 3611
11127 10013 86 55330 3799
9793 2885 8819 54518 23517
10856 522 29780 3611 10256
10226 10109 5434 331 26258 329
3655 3673 3710 83737 3675
23032 998 6389 9584 5531 2273
201595 10952 5519 6184 9804 387
9459 7456
23032 998 6389 51082 2017 9584
1176 8943 79026 10239
9775 8725 7813 5440
80746 9255 4758 7965 5519 2810
10498 79711 8772 841 4217
64398 143098 8573 51421
2958 132660 55957 4605 91750
5451 11127 30011 51747 9804 387
5970 1495 7353 53981 4853 2923
51428 7756 3146 79874 9804 387
23032 23164 9138 51386 10142 2273
3728 347733 999 29979
64398 143098 8573 51592 4008
6642 91949 10465 58533 6643 150684
9551 51692 10892 8772 8539 6738 841
151987 1660 5394 9459 7456
9135 5926 8674 11091 8675 64750
55752 80349 123169 64223 54623 9646 79577 84126
637 2958 2177 10847 55957 51742
4289 7175 11171 30849 51295 5289
4793 4794 4791 4790 5971 4792
9367 8815 328 8411 7057
5478 595 11127 22938 4000 2483
6015 23429 9276 284058 2873 6045
29781 23310 51763 545 10274
23649 5537 27348 23770
2274 5530 161 3326 114823 2064
5501 1947 6714 10939
2648 7332 8772 6717 841
4216 5537 8717 5331
8910 10189 84246 10440 55690 3572
57492 8289 6605 6598 6601 86 5977 196528 27347 6595 55193 6604 6599 6874 6603 23339
24137 55114 10487 983 55646 7408
2011 161 5719 9555 5329 2064
10592 7323 23397 79874 11146 7517
6520 51699 3320 124944 6257 1603
6642 4809 10465 54881 26168 58533 6643 27043
2959 26986 4904 5329 7936 64750
63908 8774
5134 1654 1153 23521 6809 57680
80153 5688 55802 6622 8825
5591 8038 79840 51564
6015 23429 648 284058 8535 6045
3551 1147 11176 7329 8517
56945 2011 409 27034 9555
79801 4216 6840 3956
55752 4735 23176 7402 9656 10801 6773
351 9146 9577 23107 29978 9265
4289 10296 1643 10048 54994 25852 9495 3191
79718 9612 6396 5578 5721 10452
2776 79913 65109 93973
6520 4738 7353 51699 10250 1603
2072 2011 7846 9555 7048 11066
10482 1915 64780 51008 55690
5356 5435 2 6396 5440
2067 1969 7525 6139 2767 2770
1982 8669 6714 219771
5451 55114 10487 983 7408
8674 63908 8675 8774
8829 79711 1947 9126 4217
2588 8027 23557 10094 7919 2647
7469 23028 10362 51497 9658
701 9817 10952 1665 5787 10499
5478 595 23164 51253 93973
637 7531 865 5537 27348 8717
6400 22974 7336 54487 10026 5566
93974 4289 57122 55746 79902 23279 81929 5903 3910
6207 284058 5519 6184 58533 2810
51604 6400 22974 23049 54487 10026 5566
6867 10059 4683 2891
4809 54881 60561 26168 27043 2483 6499
26173 79002 7353 1605 5557 4853
6015 23429 648 57332 80012 8535 6045
8473 10629 9112 5295 7153 819
1650 64682 6877 58497 9133 55660
7514 1176 11231 10717 27257
5001 6774 5297 55723 4085 5337
160 1981 23708 5530 6464 9188 58505
10643 6727 8573 51592 4008 51602 3148
56259 9371
1981 5530 79711 6464 58505 4217
6830 8905 6850 11315 130340
1499 1495 5595 8148 6603 2319
10787 830 6601 91754 6604 832 2934
10111 4976 5885 60561 26168 9328 51520 6499
8829 1947 6714 10939
8881 54921 5985 9091
1029 4343 10558 3993 894
2648 284058 22976 5932
10226 10109 331 9184 329
8540 5578 9939 10775 5721 10452
8452 80223 7155 1400 9688 7311
55723 64601 2146 57617 55823 57154 121536
91949 25839 3516 292 8546 83548 9129
7158 5926 5590 4670 25855 6418
7158 7027 3185 819 6418
55140 6829 84343 79803 5514
6881 5906 6883 10629 143187 5810 8295 117143
80153 5688 9817 5787 84790 8825
1029 114294 54205 3993
9367 7515 4437 5423 3981
5691 8669 6714 5981 219771
6873 10788 3676 3692 9590 4149
29780 3611
3655 3054 26060 83737 3675
3678 3996
220988 8546 6696 9459
5303 4174 4704 11267 1965
51160 9522 25978 23673
201595 8487 50628 11218 9804 387
2033 546 1387 5190 9652 5934
3728 7251 5683 6205 8566 51230
83540 147841 57405 10403 6606 55168
2776 3673 3710 65109 93973
6774 80789 2776 57508 7150 51367
29110 317 10454 1072
6709 5189 84313 1059 114034
8473 10629 23513 5295 23236
23476 55749 2054 56259 5514 9371
2958 2395 55957 8417 10228 51742
8027 10094 3839 8487 6778
9070 284058 22976 54108 10262 5932
9611 143098 8573 51592 4008 57680
5663 64785 6128 84296 2175 1021
1020 10849 7353 51082 84172 10075 64425
4738 51699 84148 55167
6873 6881 6118 6921 5300 8065
1650 3703 9133 58505 3696
894 896
79002 7353 4853 80306 2734
9517 2342 7095 2339
55140 8518 1605 7248 309
5576 5577 3832 147841 5395
5576 5577 8148 54737
5424 11100 10978 29945 8896 9814
8086 648 8535 6045
9462 55729 1977 4163
2958 2395 55957 8417 91750
80153 112950 84790 8825 10011
4793 5519 5518 5525 11200
93974 4289 30849 51295 580
6873 6881 4643 6314

