351 80781 8828 857 8754 55558 1956 3685 1738 8910 3915 1969 3655 3482 7525 3688 1605 3676 3913 3643 2767 5160 3673 56655 29780 5329 5361 3710 2064 3909 3679 10440 3911 3675 2734 3611 3910 4233
55234 29781 23310 51763 545 10274 5395 3981
8751 4800 23013 1266 4802 10274 4801
6117 2960 2067 2072 2011 7507 9555 6938 51530 9658 6929 11066
4800 4802 4801
4928 11234 93974 4289 57122 7341 55746 8086 7175 8021 79902 23279 11097 6396 9688 81929 23165 30849 5289 5903 79023 3910
2033 51053 595 5451 6502 1163 1017 891 10487 983 890 1387 9133 7408 902 5933 894 1026 5934 9768 896 81620
322 4221 2783 84164 2782 6845 59345 29781 5189 5427 2768 56655 1277 1615 7057
10980 50813 51138 1643 64708 8451 8453 6921 8454 10920 8533 9318 8450 9978 2873 10987 997 835
8665 8667 1981 8664 8666 27335 8668 8662 8661 10480 51386 8663 3646 1861
1398 3676 3643 3673 9325 3710 3679 3675 3910
10001 29079 1024 112950 55090 51003 9477 9439 55588 5469 6837 10189 51586 9440 9412 84246 10025 9968 9442 90390 80306 400569 81857 9282 9443 892 54797 3572
4800 2186 9219 5928 54815 23309 3065 4802 53615 3066 23186 79595 10933 1107 55723 23512 8819 5926 8726 9112 25942 57459 124944 286826 57504 10362 5074 1108 2146 51742 25855 91750 121536 4801
5970 51604 6400 857 1499 55327 9987 9793 3728 1495 2475 53981 5595 6810 3956 10026 4853 2923 6809 54518 2319 8613
28957 6150 51069 26589 51264 56945 64928 51021 64975 29093 7818 63931 51081 219927 64960 51116 55173 64951 9801 128308 54460 54948 51642 6183 60488 64979 65005 64965 64432 92259 10240 116540 65080 28998 55052 64969 28973 51258 57129 54534 65003 65993 10884 29074 23107 64978 29088 64976 63875 122704 51253 51373 124995 11222 51073 64963 64968 65008 84545 28977 740 64949 114294 54148 6182 64983 84311 51649 51650 10573 55037 116541 79590 55168 51263 51023
51604 6400 128866 10109 10094 8881 10097 3364 54921 10092 3839 10026 10093 5985 10095 10096 6778 27243 9091
5713 5706 5714 5688 5682 9861 5718 5707 5687 5710 5690 5716 5689 5717 5692 5705 5693 5694 10213 5684 5709 5702 5704 5691 8624 5719 5700 5695 5686 5683 5711 5701 6257 56984 5721 5715 5685
7323 5829 3676 9590 11146 3679 3910
64398 22837 143098 8573 161 5329 114823 2064 9459 989 51421 7456
64601 57617 55823 57154
4088 64601 57617 55823 57154 4087
51604 6400 10026 8733
91949 22796 25839 4869 57511 23310 51763 83548 10466 150684 388552 84342 51665
59345 2768
79801 4216 5537 6840 8915 3956 91754 27348 11218 9804 8717 387 5331
4800 5663 1266 4802 1981 5530 54994 6464 682 5074 58505 2175 55054 4801
57117 65123 80789 55756 26173 55174 92105 54973 26512 25896 57508 23165 51367
27250 6636 3958 1207 3297 4216 5537 8915 2237 27348 1938 8717 8613 5331
5500 5664 9559 8766 79869 23594
23032 2273
351 80153 5688 55802 5868 9146 9817 1656 6622 5787 84790 29978 11267 23644 8825 10011
539 50848 10469 55752 10632 4735 93974 10476 1738 8910 192111 23176 161 9551 506 522 521 4704 515 10245 92609 498 51103 4722 5329 1861 114823 2064 961 10440 51295 10452 4712 9091 1040 4170 10256
5562 7189 4513 7186
6217 5433 5439 10492 2963 5441 5432 8819 5435 5434 5431 5438 6396 51692 26258 5430 8772 8539 5265 5436 3909 3679 9150 841 10452 3910 5440
10445 57634 10971 64431 701 55929 10933 86 10856 10847 55257 79913 10902 6396 8295 10499 57132 93973 79658 26122 8089 9643
6520 4738 7534 5747 51699 2648 4659 284058 22976 10801 1603 84148 55167 5932
1487 23429 10775 8535
539 10469 10632 93974 10476 8910 192111 506 522 521 4704 515 10245 92609 498 51103 4722 29780 1861 961 10440 51295 10452 4712 3611 4170 10256
25885 5433 5437 10849 5439 2963 5441 5432 5435 5434 51082 5431 84172 5438 26258 5430 64425 5436 3679 9150 25855 3910 5440 2972
2783 2782 59345 2768
4172 6416 7094 3643 999 26610 10589
64398 55752 4735 23176 996 22837 7402 27101 143098 8573 161 84447 3913 5160 5329 114823 2064 989 267 51421
57492 8289 6605 6598 79801 6601 86 4216 5977 6840 196528 27347 6595 91754 55193 6604 6599 6874 6603 5331 23339
253260 3838 6873 201595 6881 7037 2958 6883 8473 10629 5725 143187 6845 6810 4643 2395 5810 7428 124944 55957 8417 8295 10228 6809 10490 819 9804 117143 387 1277 5883 91750 6314
10482 65057 54386 7014 64780 25913 11200 3981
3376 9255 3735 5859 2058 7965 9521 5917 56655 51520 4141 1615
6873 4643 6884
51433 1650 64682 996 51434 29945 9133 29882
201595 5906 2588 7756 23193 9804 56254 387
64785 9837 51659 84296
2966 8452 80223 10915 9688 79840 2152
8829 1947 3691 8291 5979
2960 6938 8773 51530 9658 6929 348
5476 2720 7398 10393 84893
22837 161 5329 114823 2064 989
6152 2091 6732 9045 6143 6134 6234 6173 6130 9349 55299 6228 11137 6142 6135 6224 6159 6208 92856 8087 6217 26354 10607 10643 6176 6231 6727 4691 23405 6129 6206 6233 6164 11224 10642 6189 6203 6125 6204 6161 4869 6141 6144 6193 3609 6227 6146 6222 3178 6157 25873 6201 8531 6137 6132 6175 6230 7307 55272 59 3608 10940 10969 6156 6133 26156 4673 6158 6235 1660 6136 55131 6168 6223 26986 3921 6194 4904 23521 6191 6188 6229 1915 54913 6187 6139 10199 2197 6207 6209 6218 3192 6124 6181 6155 9188 51602 6202 4343 10514 6232 5590 5976 7311 4670 55646 5981 6169 1938 6205 4736 8971 6122 6430 84311 6128 22907 22794 10528 85437
87 1969 4088 2767 64601 5286 2934 57617 55823 5335 23339 9232 57154 4087
322 1499 1778 8905 2058 162 5595 164 10053 999 56655 1174 55775 2319 8906 130340
8452 80223 9688 2152
51604 6400 56945 2067 22974 94005 5901 2072 2011 56647 23049 51082 409 27034 10254 10026 9555 8733 11066
6015 10138 4738 23429 2648 648 284058 57332 80012 2873 8535 84148 55167 6045
80153 5688 55802 5868 1656 6622 11267 23644 8825
8751 51604 6400 10066 94005 51009 84447 10026 10096 961 8733
55752 4735 23176 7402
64785 389362 91584 26986 545 84313 51028 9837 29924 51659 64750 84296
3313 4528 10131 10632 10128 26519 708 292 57128 4976 8803 6389 7416 7284 3329 2395 4513 10845 8802 51103 6714 10142 8140 6182 1431 54205 10939 8192 7517 26520 219771 3680
55234 29105 2091 9416 4221 23013 56915 25885 9295 10482 6908 3187 6881 6636 55299 23020 10236 6633 23450 8563 54512 57634 10594 8449 54815 220988 92856 6626 57187 2975 27316 11340 26354 9782 81608 10607 23016 8467 8175 10643 1654 10849 10492 51593 9589 4691 3181 1153 25949 1655 103 84991 6427 9221 9330 4809 9343 8683 10946 9987 23524 4869 57819 1659 29894 3609 51645 9716 4686 11157 10286 3178 9879 3190 23404 22944 5725 988 10291 25804 6421 7307 79228 55272 3608 23451 10969 5356 57703 6631 55596 10285 26156 3297 11100 5885 11338 23398 51428 4926 79706 9775 80145 9410 10450 51747 53981 27339 64783 51010 6629 1660 10523 55131 22938 10284 56949 10189 6634 10992 23759 4116 10713 25962 6625 6877 25942 10250 5393 10421 7919 10465 1665 84172 51503 3183 26121 10199 84844 5000 54881 9984 57332 10907 9584 23435 83443 81887 3192 11017 6637 9128 9188 26168 80012 6434 51602 8148 9328 10514 51340 9939 22985 10898 9129 4670 11052 3185 3014 55646 24144 94104 27043 10664 6429 5394 9092 8896 2483 51013 8971 3191 6632 6627 6428 8899 10521 6628 24148 6430 55660 3550 57461 10036 22913 117143 54108 55696 51729 10363 51230 10262 23517 10528 85437 5411
65057 7014 25913
3895 961 9517 2342 7095
8087 65057 22837 7014 161 5329 25913 114823 2064 989
637 10226 7531 865 7534 2177 5781 6416 4216 5537 7094 8915 3643 9943 331 27348 329 10801 8717 5331
2783 6228 28956 1969 2782 2776 59345 7525 648 2768 2767 3673 6714 3708 3710 3675 79658 219771
10498 79711 4088 64601 8772 57617 55823 841 4217 23339 57154 4087
4800 65125 4802 2767 4801
55140 11234 8518 55250 9759 7249 7248 84515 5287 84343 79803 30849 5290 5289
22827 5451 5771 10487 7408 1277 8543
9111 3430
2783 1969 2782 2776 59345 7525 2768 2767 3708
595 3778 4000
56915 54512 11340 23016 23404 51010 5393 5394 51013
7283 865 80789 84305 54913 10067 51367 5336
83540 57405 9610 10403
351 55802 71 5868 2889 9146 1107 3297 1656 57504 29978 3678 207 23644 3996
55845 10787 10163 10006 388552 868
55140 11234 8518 4289 10296 1643 55250 3655 25852 7248 84343 79803 30849 83737 5290 3675 5289 309 5921
55140 11234 8518 93974 4289 10296 1643 55250 116461 10048 54994 25852 7248 23279 84343 79803 30849 83737 5290 5289 1111 5921
220988 8546 6696 9459 7456 4233
128866 51160 7251 51510 25978 5683 6257 23607 9804 57132 8566 7813 387 5144 27243 1111 92421
351 55802 5868 4173 9146 1656 29978 5715 23644 55656
10445 6520 55558 4738 7534 51699 2648 7332 284058 55758 10801 1603 84148 55167 8317
55140 11234 8518 55250 7249 2054 3655 1605 7248 84515 84343 79803 5514 30849 83737 5290 3675 5289 309 5921
5591 57128 8038 79840 596 51564 598
5520 9462 5515 4793 55729 5516 51400 80143 1977 1385 5518 8772 9869 5525 841 4163 11200
3276 8829 79084 2935 1947 3693 3691 64750 8291 5979 4233
1499 3728 1495 4088 3956 64601 999 2934 57617 55823 5335 2319 23339 57154 4087
10212 55752 4735 23176 7402 3068 55717 9646 4170
2932 4088 64601 63908 57617 64151 8774 55823 64750 23339 57154 4087
4088 64601 4085 57617 55823 5337 23339 57154 4087
56288 51107 8673 51421
65057 51631 5451 54386 7014 10487 7408 25913 1277 3572 11200
64785 8801 81 9837 51659 84296
4001 8905 55737 162 164 10053 9459 1174 8906 7456 130340
351 80153 55802 2547 71 5868 4173 2889 9146 9817 1656 5787 84790 29978 11267 8727 84126 23644 8825
7414 865 80789 10940 54913 7052 128869 10067 51367
5970 64785 57410 5216 5433 8607 5439 5441 3551 4793 1147 11329 4794 1495 4791 7094 3643 8517 329 25929 64425 5436 4790 8566 84296 5971 4792
1152 203068 8674 9111 63908 7277 8411 8675 8774 3430
595 3778 4000 894 896
1654 59345 2768 6809
81572 55802 11234 6231 5868 8829 7249 6767 1656 1947 84515 84343 79803 23644 5290 5289 8291
2783 11198 51160 28956 1969 2782 2776 59345 9522 7525 2768 2767 6714 3708 23607 1111 219771
56288 23476 55749 2054 11176 2060 56259 5584 3678 51107 84612 5514 9371 11154 8673 3996 23368 51421
3676 3679 3910
5451 10487 7408 1277
5902 637 10226 7531 55140 11234 8518 9031 865 55250 3655 10847 5537 7248 331 329 84343 79803 8717 83737 5290 3675 1111
2067 2072 2011 7507 9555 11066
4893 9367 2597 29893 596 598 219771 2891
201595 5906 2588 9810 9682 5589 54921 7756 23193 9804 56254 387 6621
2186 25885 5425 55723 23512 4088 8726 64601 2146 57617 64151 55823 25855 64750 23339 57154 4087 121536 57804
4928 57117 11234 93974 65123 4289 80789 55756 26173 57122 7341 55746 8086 7175 8021 55174 79902 92105 54973 26512 23279 11097 6396 25896 9688 81929 57508 23165 84343 79803 23592 30849 5290 5289 5903 79023 3910 51367
867 868
3895 4152 1019 79760 967 961 9517 2342 7095 11284 1021
9462 5515 55729 5516 80143 1977 1385 9869 4163
10498 4793 4088 64601 5518 8772 57617 5525 55823 841 23339 57154 4087 11200
1029 3993 894 896
81572 79801 7411 8829 7035 6840 1947 10471 5202 84612 3691 8291 5201 5979 2972
4152 7518 9367 7515 967 961 4437 5423 11284 3981
25885 1457 10138 196 79109 25855
64398 6727 143098 8573 51592 4216 5537 8915 54921 4008 5983 27348 8717 5331 51421
5478 595 3778 4000 2146 121536
8772 841
6867 8881 54921 7408 10460
4172 4173 5303 4174 4171 6416 3643 999 4175 11267 26610 10589
23186 55723 4088 64601 10362 57617 55823 23339 57154 4087
4800 1266 10923 4802 5426 5427 2770 5074 4801 10302
865 80789 54913 10067 51367
4627 91584 25801 3691 7409 23586
91949 22796 25839 83540 11127 1176 57511 147841 7189 57405 83548 26258 9610 10403 10239 10466 84062 55330 3799 388552 84342
51433 84061 64682 996 51434 29945 10393 267 29882 3690
10980 50813 51138 4738 1643 8905 64708 55737 8451 8453 162 6921 8454 10920 8533 9318 164 8450 9978 10053 2873 10987 1174 130340 835
9918 701 991 5001 6125 6774 116461 55723 192111 4088 64601 4085 57617 64151 55823 5337 4712 64750 23339 57154 4087
9759 8905 2058 162 164 10053 999 5287 1174 8906 130340
5515 5516 80143 9869
23429 8535
3895 8540 28956 5859 10558 967 961 9517 10274 2342 7095 4233
80789 54913 51367
5476 81572 2720 7411 7529 8829 7035 5747 10557 7336 10471 5202 10393 84612 3691 8291 5201 51421 2972
6873 6881 6118 9793 2885 4643 2923 3678 5300 5265 29893 54518 3996 3981 6314
2966 8861 9406 2965 2967 2968 196528 26993 811
9793 2885 2923 54518
10788 3676 9590 3679 4149 3910
84313 51028
23032 2961 6883 10128 998 6657 23164 143187 6389 9138 51386 5810 9584 10142 5531 2273 5883
2054 11176 2060 5590 5584 84612 3993
55845 10787 830 10163 6601 7189 91754 26258 6604 832 5787 2934 10006 10239 84062 55330 388552 868
9918 701 991 10592 4088 4893 64601 4085 79874 57617 64151 55823 2319 5337 4217 23339 57154 4087 2891
8751 51604 6400 10066 94005 6227 2054 79139 51009 23049 11176 2060 84447 10026 5584 10096 84612 961 8733 5201 7409
55250 3655 25852 83737 3675 5921
83540 5577 8905 162 147841 57405 164 10053 9610 10403 1174 8906 130340
9759 5287
55752 80349 4735 123169 23176 7402 54623 9646 84126
1477 6867 1478 4893 10059 4683 219771 2891
11234 84343 79803 5290
4928 57117 55802 65123 5868 80789 4173 55756 26173 57122 5297 7341 1656 55746 8086 7175 8021 55174 79902 92105 54973 26512 23279 11097 6396 25896 9688 81929 3678 57508 23165 23592 23644 5903 79023 3996 3910 51367
8087 2011 8531 22837 161 5719 9555 5711 5329 114823 2064 989
51604 5663 6520 201595 6185 3895 5664 1650 84061 3703 79139 10952 11231 84447 10717 5519 6184 23385 9133 6747 10558 51107 1603 967 58505 961 8733 9517 267 7095 2734
5970 57410 4793 92259 4794 1495 4791 1174 4790 5971 4792
4176 4172 8861 4173 5303 4174 4171 347733 6416 5810 3643 999 4175 11267 26610 29979 5883 10589
6727 1793 6175 4216 5537 8915 2247 27348 9459 8717 5331 7456 3680
8910 10440
5970 64785 57410 4793 4794 1495 4791 7094 3643 329 9837 25929 4790 8566 51659 84296 5971 4792
6638 9425 10013 26258 4361 3678 6809 282991 2647 3996
9817 5787
26258 282991 2647
23708 6500 3676 5711 9590 3679 3910
5476 83540 2720 4673 57405 9610 10403 596 10393 11154 598 11284
64785 8801 3958 2963 865 80789 2962 8624 8894 5537 54913 81 8826 2237 10067 27348 9837 7334 8717 51659 84296 51367
23032 3895 28956 9329 154796 10558 967 2273 961 9517 10274 2342 7095 4233
3655 83737 3675 5921
64431 3728 2521 26258 999 282991 84126 2647 894 896
55723 4088 64601 2146 57617 55823 23339 57154 4087 121536
5500 9559 8766 5499 9372 5568
2067 2072 2011 9759 4976 7507 8662 10422 9555 5287 11066
9793 2885 8819 4088 64601 57617 55823 54518 5335 23517 23339 57154 4087
10226 128866 71 10109 5434 10094 10097 3364 10092 331 10093 26258 10095 329 10096 27243
3655 3673 3710 83737 3675 5921
9459 7456
23032 5001 6774 998 2054 6389 2776 51082 11176 2060 2017 7094 3643 9584 5584 5531 7150 2273 84612 5331
200081 83540 5216 5451 6867 11127 3832 30011 4794 51747 147841 4791 57405 891 10487 983 10403 9133 7408 2273 9804 10460 4790 387 55330 3799 388552 5971
201595 5906 3895 28956 51428 7756 3146 10558 79874 967 9804 56254 961 9517 10274 387 2342 7095
23032 2961 10128 23164 9138 51386 10142 2273 55304
351 8828 857 8754 1499 1956 3685 3728 1495 3915 3655 6810 3482 3688 1605 3956 3913 3643 3673 999 5361 3909 2319 3911 3675 2734
55752 4735 23176 22837 7402 143098 8573 161 5329 114823 2064 989 51421
9551 10892 8772 8539 841
91949 22796 25839 83540 57511 57405 83548 9610 10403 10239 10466 55330 388552 84342
10445 6520 4738 7534 51699 9135 5926 2648 8674 284058 11091 1603 8675 84148 55167 64750
2960 55752 80349 4735 2011 123169 10844 23176 7402 161 64223 3068 5719 54623 5329 9646 114823 9658 79577 2064 84126 10589
4793 4794 4791 4790 5971 4792
9367 8815 328 8411 7057
2274 55250 22837 3655 5530 161 3326 25852 5329 10801 114823 2064 989 83737 3675 4217 5921
8829 1947 3693 6714 10939 3691 219771 8291 5979 4233
2648 7332 8772 6717 841
6790 9918 701 991 10592 7323 4088 23397 64601 4085 79874 57617 11146 64151 7517 55823 5335 2189 5337 1111 64750 23339 57154 4087
6520 4738 7534 5747 51699 4659 3320 124944 6257 10801 1603 84148 55167
6642 91949 22796 5478 25839 595 3778 9183 57511 83548 10465 54881 60561 26168 58533 6643 27043 4000 2483 10466 150684 6499 2189 388552 84342
4088 4904 64601 5329 57617 64151 55823 64750 23339 57154 4087
63908 8774
322 351 2783 8828 8754 55558 1956 1654 3685 4035 3915 1969 2782 3655 59345 3482 7525 3688 3913 3643 2768 2767 3673 56655 3708 6809 5361 3710 3909 3911 3675 2734
5576 5577 55752 80349 4735 123169 8905 91584 23176 55737 162 5567 9656 164 10053 54623 9646 10801 1174 84126 6773 8906 130340
8828 8754 1956 3685 3915 1969 2776 3655 3482 7525 3688 79913 3913 3643 2767 3673 56655 5361 3710 65109 3909 93973 3911 3675 2734
5500 6520 9559 4738 7534 7353 51699 2648 7332 284058 4853 6717 10801 1603 84148 55167
80829 84893 51665
4800 10226 1266 10923 4802 2067 53938 2072 2011 7846 9555 7048 9184 5074 11066 4792 4801
10482 51433 65057 64682 996 54386 51434 29945 64780 10393 29882
4893 219771 2891
5451 55114 10487 983 7408 1277
8674 63908 8675 8774
8829 79711 1947 3693 9126 8772 841 3691 8291 4217 5979
128866 2588 71 8027 23557 10109 81027 10094 10097 3364 10092 7919 10093 10095 10096 27243 2647
637 10226 7531 865 7534 6416 4216 5537 8915 10422 331 27348 329 10801 5265 8717 5331
55140 128866 11234 8518 93974 51160 4289 10296 1643 55250 25852 51510 7248 23279 25978 23607 84343 79803 30849 83737 5290 5289 27243 1111
991 6774 55723 4088 64601 4085 57617 64151 55823 5337 64750 23339 57154 4087
4800 1266 10923 4802 160 1981 53938 23708 5530 54994 6464 9188 682 5074 3932 58505 348 55054 4801
56259 9371
1029 4343 10558 3993 894 896
2186 1912 7403 6594 9219 6015 23199 5928 54815 23309 3065 53615 3066 1457 23186 10138 23429 79595 10933 1107 55723 23512 8819 5926 8726 9112 648 25942 57459 10919 284058 79813 124944 80012 2873 286826 57504 79109 10362 1108 2146 51742 8535 25855 6045 91750 121536
1029 114294 54205 3993 3696 894 896 4233
9367 7515 4437 5423 3981
29780 3611
3678 3996
596 598
2783 2782 59345 6709 5189 2768 84313 51028 1059 114034 57045
23476 9462 1029 2054 11176 2060 5590 5584 84612 3993 5514 9371 894 896 4163
4800 64398 9611 65125 56288 4802 1969 143098 8573 51592 8726 2767 4008 51107 57680 8673 51421 4801
25885 5478 595 3778 1020 10849 5441 51082 84172 10075 4000 2483 64425 25855 894 896 1021
4437 5423 3981
894 896
51433 64682 11100 996 51434 29945 10393 9814 29882
8751 51604 6400 8828 857 8754 10066 1956 3685 94005 79139 51009 7402 3655 3482 3688 84447 3913 10026 51107 5361 967 10096 961 8733 3675 7095
10236 8754 55558 65057 1956 3685 10844 22837 7014 161 3482 3688 3676 5329 25913 5361 9590 2064 3909 989 3679 3911 3910

