80746 1956 3685 4758 3655 3482 3688 56655 5361 3675 2734
55234 29781 23310 51763 545 10274 3981
8751 4800 23013 1266 4802 10274 4801
6117 2960 2067 6938 51530 9658 6929 3148
4800 4802 4801
2033 51053 595 6502 1163 1017 891 890 1387 902 5933 894 1026 5934 9768 896 81620
322 2783 2782 6845 59345 29781 2768 56655 1277
10980 50813 51138 1643 64708 8451 8453 6921 8454 10920 8533 9318 8450 9978 2873 10987 997 835
8665 8667 1981 8664 8666 27335 8668 8662 8661 10480 51386 8663 3646 1861
1398 3643 3673 9325 3710 3679 3675
10001 29079 1024 112950 55090 51003 9477 9439 55588 5469 6837 10189 51586 9440 9412 84246 10025 9968 9442 90390 80306 400569 81857 9282 9443 892 54797 3572
2186 25885 9219 5928 54815 23309 3065 53615 5425 3066 23186 79595 10933 1107 55723 23512 8819 5926 8726 9112 25942 57459 124944 286826 57504 10362 1108 2146 51742 25855 91750 121536 57804
5970 57410 1499 55327 1495 5595 2319
8751 4800 5496 23013 1266 23385 10274 4801
28957 6150 51069 26589 51264 56945 64928 51021 64975 29093 7818 63931 51081 219927 64960 51116 55173 64951 9801 128308 54460 54948 51642 6183 60488 64979 65005 64965 64432 92259 10240 116540 65080 28998 55052 64969 28973 51258 57129 54534 65003 65993 10884 29074 23107 64978 29088 64976 63875 122704 51253 51373 124995 11222 51073 64963 64968 65008 84545 28977 740 64949 114294 54148 6182 64983 84311 51649 51650 10573 55037 116541 79590 55168 51263 51023
128866 10109 10094 8881 10097 3364 54921 10092 3839 10093 5985 10095 10096 6778 27243 9091
5713 5706 5714 5688 5682 9861 5718 5707 5687 5710 5690 5716 5689 5717 5692 5705 5693 5694 10213 5684 5709 5702 5704 5691 8624 5719 5700 5695 5686 5683 5711 5701 6257 56984 5721 5715 5685
7323 5829 3676 9590 11146 3679 3910
64398 143098 8573 161 114823 2064 989 51421
64601 57617 55823 57154
4976 7416 4088 9342 6879 6667 5190 9652
51604 6400 10026 8733
91949 22796 25839 4869 57511 83548 10466 150684 388552 84342 51665
59345 2768
201595 5906 79801 6840 3956 11218 9804 387
5663 7040 2189 2175
322 2783 2782 59345 29781 2768 56655 7057
253260 322 4221 2782 6845 5427 22894 56655 1277
57117 65123 80789 55756 26173 55174 92105 54973 26512 25896 57508 23165 51367
5537 8915 27348 1938 8717 8613 5331
27250 1207 5537 8915 27348 8717 5331
5500 5664 9559 8766 79869 23594
23032 2273
351 80153 55802 9146 9817 1656 5787 84790 29978 23644 8825
6143 5901 25920 7469 1778 23049 10254 10026 51497 55775
1176 6464 11231 10717 58505 10239 55330 388552
4928 93974 4289 57122 55746 8086 8021 79902 23279 11097 6396 9688 81929 23165 5903 79023 3910
79184 51691 55752 4735 10844 23176 7402 161 3068 26512 114823
5562 7189 4513 7186
6217 5433 5439 10492 2963 5441 5432 8819 5435 5434 5431 5438 6396 26258 5430 5265 5436 3679 9150 10452 3910 5440
10445 57634 64431 701 55929 10933 86 10856 10847 55257 79913 10902 8295 10499 93973 26122 8089 9643
6520 4738 7534 5747 51699 4659 10801 1603 84148 55167
1487 23429 10775 8535
539 10469 10632 93974 10476 8910 192111 506 522 521 4704 515 10245 92609 498 51103 4722 29780 1861 10440 51295 4712 3611 10256
25885 5437 10849 5439 5441 5435 51082 84172 64425 25855 5440 2972
2783 2782 59345 2768
4172 6416 7094 3643 999 26610 10589
64398 996 27101 143098 8573 267 51421
2010 5906 5982 6389 6840 3956 51008
3838 201595 7037 5906 80143 6184 9804 387
10482 65057 54386 7014 64780 25913 11200
8828 8754 1956 3685 3915 3655 3482 3688 3913 56655 5361 3909 3911 3675 2734
3376 9255 3735 5859 2058 7965 9521 5917 56655 51520 4141 1615
4216 5537 8915 27348 8717 5331
6873 4643 6884
51433 1650 64682 996 51434 29945 9133 29882
201595 5906 2588 7756 23193 9804 56254 387
64785 9837 51659 84296
2966 8452 80223 10915 9688 2152
8829 1947 3691 8291
4800 1266 1981 5530 54994 6464 682 3932 58505
2960 6938 51530 9658 6929
5476 2720 7398 10393 84893
22837 161 5329 114823 2064 989
6152 2091 6732 9045 6143 6134 6234 6173 6130 9349 55299 6228 11137 6142 6135 6224 6159 6208 92856 8087 6217 26354 10607 10643 6176 6231 6727 4691 23405 6129 6206 6233 6164 11224 10642 6189 6203 6125 6204 6161 4869 6141 6144 6193 3609 6227 6146 6222 3178 6157 25873 6201 8531 6137 6132 6175 6230 7307 55272 59 3608 10940 10969 6156 6133 26156 4673 6158 6235 1660 6136 55131 6168 6223 26986 3921 6194 4904 23521 6191 6188 6229 1915 54913 6187 6139 10199 2197 6207 6209 6218 3192 6124 6181 6155 9188 51602 6202 4343 10514 6232 5590 5976 7311 4670 55646 5981 6169 1938 6205 4736 8971 6122 6430 84311 6128 22907 22794 10528 85437
4088 64601 57617 55823 57154 4087
87 1969 2767 5286 2934 5335 9232
322 1778 8905 162 164 10053 56655 1174 55775 8906 130340
8452 80223 9688 2152
6873 6881 5906 6883 10629 143187 4643 5810 8295 117143 5883 6314
56945 2072 2011 56647 51082 409 27034 9555 11066
6015 10138 23429 2648 648 284058 57332 80012 2873 8535 6045
80153 5688 55802 5868 6622 11267 8825
6636 3297 5537 8915 27348 8717 5331
51604 6400 94005 5901 23049 10254 10026 8733
8751 51604 6400 10066 94005 51009 84447 10026 8733
55752 4735 23176 7402
7037 6883 143187 6845 6810 5810 8417 10228 6809 10490 5883
8027 23557 26258 282991 84062 2647 388552
389362 91584 26986 84313 51028 9837 29924 51659 64750
3313 4528 10128 57128 8803 7284 10845 8802 10142 1431 8192 7517 3680
9416 6636 23020 10236 6633 23450 10594 9782 81608 8175 25949 84991 9343 8683 10946 1659 51645 9716 10286 9879 988 10291 23451 5356 57703 3297 23398 79706 9775 9410 10450 27339 64783 6629 10523 22938 56949 6634 10992 10713 6625 10421 51503 26121 84844 10907 83443 11017 6637 9128 6434 51340 22985 9129 24144 94104 9092 8896 2483 6632 6627 6428 8899 6628 24148 3550 57461 22913 54108 55696 51230 10262 85437 5411
65057 7014 25913
3895 961 9517 2342 7095
8087 65057 22837 7014 161 25913 114823 989
637 10226 7531 865 2177 5781 5537 9943 27348 8717
6228 1969 59345 7525 648 2768 2767 79658
10498 4088 64601 8772 57617 55823 841 57154 4087
6638 5073 2963 65123 7249 54464 6767 55257 8894 4704 1965 9739 5290
4800 65125 4802 2767 4801
54512 55140 11234 8518 11127 30011 1605 27044 2308
22827 5451 5771 10487 7408 8543
857 8754 5901 1738 56647 3915 3913 5160 5329
9111 3430
6142 83990 1969 2782 59345 7525 2768 2767 26520
2783 1969 2782 2776 59345 7525 2768 2767 3708
595 3778 4000
56915 54512 11340 23016 23404 51010 5393 5394 51013
7283 865 80789 84305 10067 51367 5336
83540 57405 9610 10403
55802 71 5868 3297 1656 57504 3678 23644 3996
57492 8289 6605 6598 79801 6601 86 4216 5977 6840 196528 27347 6595 91754 55193 6604 6599 6874 6603 5331 23339
55845 10787 10163 10006 388552 868
7037 2958 143187 6845 6810 2395 55957 8417 10228 6809 10490 1277 91750
55140 11234 8518 55250 25852 1605 7248 84343 79803 5290 1111
93974 4289 10296 1643 55250 116461 10048 54994 25852 30849 5289
5073 65123 54464 8910 55257 4704 51103 1965 10440
220988 8546 6696 9459 7456
10445 57634 10971 64431 55929 10933 86 10856 55257 79913 10902 6396 8295 57132 93973 79658 26122 8089 9643
128866 51160 7251 51510 25978 23607 57132 8566 7813 5144 27243 92421
351 55802 5868 4173 9146 1656 29978 23644
10914 7341 1176 7155 7329 1400 10239 55330
55558 4738 7534 51699 55758 10801 55167 8317
5073 22803 65123 54464 10657 80155 55257 522 4704 1965 10440
1499 55327 3728 1495 5595 3956 4853 2319
55140 11234 8518 55250 1605 7248 27044 11154 2308
4928 5591 57128 79840 596 51564 5903
7818 9462 5515 55729 5516 55599 1977 1385 9869
3276 8829 79084 2935 1947 3693 64750
857 64431 1499 3728 1495 3956 999 2319
10212 55752 4735 23176 7402 3068 55717 9646 4170
89941 27316 10849 51082 208 59345 7337 84172 2768 64425
2960 6938 63908 9658 8774 6929
9918 701 991 4088 64601 4085 10499 57617 5337 4087
3676 3643 3673 3710 3679 3675 3910
322 2783 84164 2782 59345 29781 2768 56655 1615
56288 51107 8673 51421
55140 11234 11143 6830 8518 6829 84343 79803 5514
65057 51631 5451 54386 7014 10487 25913 3572
64785 8801 81 9837 51659 84296
4001 8905 55737 162 164 10053 9459 1174 7456 130340
55802 2547 71 5868 4173 1656 8727 84126 23644
2033 51053 6502 1163 1017 891 983 890 1387 9133 7408 902 5933 1111 1026 9768 896 81620
9416 9295 23020 6633 23450 10594 25949 84991 6427 9221 9343 8683 10946 23524 1659 9716 10286 9879 988 10291 23451 5356 57703 11338 23398 9410 10450 51747 27339 10523 22938 56949 6634 10992 10713 6625 10250 10421 7919 26121 84844 10907 11017 9128 51340 22985 9129 11052 24144 94104 9092 8896 6632 6428 8899 6628 24148 55660 3550 57461 22913 55696 10262 5411
81608 5888 7251 5683 6257 8566 51230 5144
7414 865 80789 10940 54913 7052 128869 10067 51367
10643 4008 54881 3673 29780 3932 3710 3675 3611
3958 5537 8915 2237 27348 8717 5331
5970 5216 8607 4793 4794 1495 4791 64425 4790 5971 4792
1152 203068 8674 9111 8815 7277 8411 8675
79075 8881 54921 10845 5985 9091
5478 595 3778 1020 7353 10075 4000 2483
1654 59345 2768 6809
81572 55802 6231 5868 8829 6767 1656 1947 23644
11198 51160 1969 59345 7525 2767 23607 1111
23476 55749 9212 2054 2060 56259 5514 9371 11154
3676 3679 3910
80781 5052 160 1956 9689 9879 8650 10421 1653
5451 10487 7408 1277
5902 637 10226 7531 9031 865 10847 5537 79803 8717
2067 2072 2011 7507 9555 11066
91949 10914 7341 1176 10239 55330 388552
57122 55746 79902 4893 9367 2597 79023 598 3910 2891
5906 2588 9810 5589 23193 6621
6881 5906 23450 6883 3181 10629 10285 23759 5810 83443 80012 11091 8295 117143
11234 93974 4289 10296 1643 55250 25852 9495 3191 30849 5289
867 868
64398 143098 8573 161 5329 2064 51421
3895 4152 967 961 9517 2342 7095 11284
9462 5515 55729 5516 1977 1385 9869 4163
5515 4793 5519 5518 2810 5525 11200
25885 5437 10849 5439 5441 9682 51082 84172 8140 64425 25855
1029 3993 894 896
81572 79801 7411 8829 7035 6840 10471 5202 84612 8291 5201 2972
23595 4152 1477 7518 967 1479 961 11284
8473 10629 23513 51400 5295 6396 5578 5721 10452
25885 1457 10138 196 79109 25855
6727 8573 51592 5537 8915 4008 5983 27348 8717
5478 595 3778 4000 2146 121536
8772 841
6867 8881 54921 7408 10460
4172 4173 4174 4171 6416 3643 999 4175 26610 10589
23186 55723 4088 64601 10362 57617 55823 57154 4087
57492 9801 1969 29781 23310 51763 545 2767 6717
4800 1266 10923 4802 5426 5427 2770 4801
865 80789 54913 10067 51367
4627 91584 25801 3691 7409 23586
83540 11127 10013 86 147841 57405 9610 10403 55330 3799 388552
51160 708 9522 3913 5160 5329 219771
23032 6883 998 5810 5531 2273 5883
51433 84061 64682 996 51434 29945 10393 267 29882 3690
2960 7750 7469 23028 55758 10362 51497 9658 6929 10363
5001 6125 6774 116461 55723 192111 64601 57617 55823 57154
9759 8905 2058 162 164 10053 5287 1174 130340
4152 1019 4673 79760 967 961 11154 11284 1021
5515 5516 80143 9869
23429 8535
3895 8540 5859 967 961 9517 2342 7095
80789 54913 51367
5476 2720 7411 7529 10557 7398 10471 5202 10579 10393 5201
6881 6118 9793 2885 2923 3678 5300 54518 3996
2966 9406 2965 2967 2968 196528 26993 811
9793 2885 2923 54518
10788 3676 9590 3679 4149 3910
84313 51028
23032 998 6657 23164 6389 51386 9584 5531 2273
2054 11176 2060 5590 5584 84612 3993
55845 10787 830 10163 7189 832 2934 10006 388552
9918 701 991 10592 79711 4085 79874 7517 2319 4217
6227 2054 23049 11176 2060 10026 5584 84612 5201 7409
8841 9551 5203 51692 10892 8772 8539 6738 841
6183 7251 80335 5683 6257 8566 51230 5144
55250 3655 25852 83737 3675 5921
83540 5577 51645 147841 57405 9610 10403 3298
9759 5287
55752 80349 4735 123169 23176 7402 64223 9656 54623 9646 10801 79577 84126 6773
6867 1478 4893 10059 4683 2891
11234 84343 79803 5290
71 5868 3190 3297 57504 5082 3678 3996
5073 65123 54464 5303 4174 55257 4704 11267 1965
8087 2011 8531 22837 161 5719 9555 5711 114823 989
2966 8861 2965 2967 2968 196528 26993
201595 6185 1650 3703 79139 10952 11231 84447 10717 5519 6184 9133 6747 1603 58505
5970 4793 92259 4794 1495 4791 1174 4790 5971 4792
7037 5725 143187 6845 2395 7428 124944 8417 10228 6809 10490
4172 347733 6416 3643 999 26610 29979 10589
8910 10440
5433 23513 5435 51400 6396 5578 5721 10452 5440
5970 64785 4793 4794 4791 25929 4790 8566 84296 5971 4792
5500 5664 9559 8766 79869 59 11338 6184 11052
128866 7251 51510 25978 5683 6257 57132 8566 5144 27243
151987 10197 4678 143098 8573 51592 4008 2189
6638 9425 10013 26258 4361 6809 282991 2647
9817 5787
4152 7518 967 1479 961 5423 11284
26258 282991 2647
23708 6500 3676 5711 9590 3679 3910
5476 2720 4673 10403 10393 11154 598 11284
55845 10787 830 10163 6601 91754 6604 832 2934 10006 388552
5001 6774 8910 192111 2776 51103 4722 10440 4712
64785 8801 2963 2962 8894 81 10067 9837 7334 51659 84296
23032 3895 9329 154796 961 9517 2342 7095
3655 83737 3675 5921
64431 3728 2521 999 282991 84126 2647
2961 23476 55749 6949 9212 84321 56259 9368 9371 11154
2186 55723 23512 8726 64601 2146 57617 55823 25855 57154 121536
5500 9559 8766 5499 9372 5568
51604 6400 5901 23049 10254 10026 29780 3611
2067 2072 9759 4976 8662 9555 5287 11066
9793 2885 8819 2923 54518 5335 23517
10226 128866 71 10109 5434 10094 10097 3364 10092 331 10093 26258 10095 329 10096 27243
6873 6881 6921 4643 5300 8065 6314
3655 3673 3710 83737 3675 5921
201595 79139 10952 11231 10717 5519 6184 6747 1603 9804 387
9459 7456
23032 998 6389 51082 2060 2017 9584 5531 2273
1176 8943 79026 10239 55330 388552
51604 23199 23049 9775 8725 10026 7813 5440
10498 79711 4088 8772 841 4217 4087
2958 132660 2395 55957 8417 4605 51742 91750
201595 5451 11127 30011 51747 10487 7408 9804 387 3799
5970 57410 5033 5034 1495 7353 53981 4853 2923
201595 5906 51428 7756 3146 79874 9804 56254 387
23032 2961 10128 23164 9138 51386 10142 2273 55304
64431 3728 347733 999 29979
64398 143098 8573 161 51592 4008 51421
9551 10892 8772 8539 841
4999 5424 151987 143098 8573 1660 9459 7456
83540 5577 147841 57405 9610 10403 55330 388552
9135 5926 2648 8674 284058 11091 8675 64750
637 2958 2177 10847 2395 55957 8417 10228 51742
93974 4289 57122 7341 55746 7175 79902 23279 11097 81929 30849 51295 5289 5903 3910
4793 4794 4791 4790 5971 4792
9367 8815 328 8411 7057
5478 595 3778 11127 30011 23164 22938 4000 2483
29781 23310 51763 545 10274 5395
2274 22837 5530 161 3326 5329 114823 2064 989
8829 5501 1947 6714 10939 8291
2648 7332 8772 6717 841
5451 1163 891 55114 10487 983 7408 23607 1277 1111
2011 22837 161 5719 9555 5329 114823 2064 989
9918 701 991 10592 7323 23397 4085 79874 10499 11146 7517 4087
6520 4738 7534 5747 51699 4659 3320 124944 6257 1603
6642 5478 595 10465 54881 26168 58533 6643 27043 4000 2483
2959 4088 4904 5329 7936 64750 4087
63908 8774
5134 1654 1153 59345 3688 23521 2768 6809 57680
4928 5591 8038 79840 596 51564
4802 8819 25942 3646 5074 2146 121536 4801
6605 79801 830 6601 4216 6840 27347 91754 6604 6599 5331 23339
2776 79913 3673 3710 65109 93973 3675
6520 4738 7534 7353 51699 10250 10801 1603 55167
2067 2072 2011 5719 7846 9555 7048 9184 11066
10482 51433 65057 54386 1915 64780 51008 55690
2783 2067 1969 2782 2776 59345 7525 6139 2768 2767 2770
4893 219771 2891
5451 55114 10487 983 7408 1277
8674 63908 8675 8774
8829 79711 1947 9126 8291 4217
128866 2588 71 8027 23557 10109 10094 10097 3364 10092 7919 10093 10095 10096 27243 2647
8829 1947 3693 8291
637 10226 7531 865 6416 5537 8915 27348 8717
51604 6400 22974 94005 51009 84447 7336 54487 10026 5566 8733
201595 10952 11231 6207 284058 5519 6184 58533 6747 2810 1603
4738 51699 2648 284058 84148 55167
23032 11143 6830 9031 998 10847 9656 8208 5531 2273 2146 10036
55140 8518 26173 79002 7353 1605 7248 5557 4853
8473 10629 6500 9112 27347 5295 7153 7027 819
6774 55723 4088 64601 4085 57617 55823 5337 57154 4087
160 1981 23708 5530 54994 6464 9188 682 3932 58505
2960 6938 8773 51530 6929 348
6727 8573 51592 5537 8915 4008 51602 8717 3148
56259 9371
10498 79711 6464 8772 58505 841 4217 4087
5576 5577 1499 9183 1495 5595 8148 6603 2319
1029 4343 10558 3993 894 896
2648 284058 22976 84148 55167 5932
8540 5435 6396 5578 9939 10775 5721 10452 5440
8452 80223 7155 1400 9688 7311 2152
55723 4088 64601 2146 57617 55823 57154 4087 121536
25885 79595 7158 5926 5590 4670 3185 819 25855 6418
11234 84515 84343 79803 30849 5290 5289
857 708 1738 9522 3913 5160 5329 219771
351 80153 5688 9817 5787 84790 11267 8825 10011
9367 7515 4437 5423 3981
29780 3611
4893 9367 2597 596 598 2891
3678 3996
3838 201595 5906 80143 8487 50628 11218 9804 387
1969 2776 59345 7525 3673 3710 65109 93973 3675
64398 22916 28956 1969 27101 59345 7525 2767 64983
596 598
2782 6709 5189 84313 51028 1059 114034
3313 8473 10629 27347 5295 23236 7517
23476 2054 11176 2060 56259 5584 84612 5514 9371
7403 6015 5929 23429 9757 4297 2648 9070 284058 3054 22976 11091 84148 6045 5932
64398 9611 143098 8573 51592 4008 57680 51421
5663 64785 4794 9837 25929 6128 51659 84296 2175 1021
25885 1020 5437 10849 5439 5441 7353 51082 84172 10075 64425 25855
9810 5589 23193 6621 10302
4437 5423 3981
894 896
5576 5577 3832 55737 162 147841 8533 164 1174 5395
4172 8803 3643 999 2956 26610 373 10589
51433 64682 11100 996 51434 29945 10393 9814 29882
351 55802 5868 4173 1656 5715 23644 55656
2783 2782 59345 7525 6709 5189 2768 57045
11234 6829 84343 79803 5514 23207
8829 1947 8291 4233
200081 51053 865 4686 3655 9070 3054 83737 3675

