79042 80746 4758 55272
55234 23310 51763 3981
6117 6938 6929 3148
4800 4802 4801
23032 891 2273 1111
253260 322 6845 1277
29105 5885 5917 23468
8665 8667 1981 8664 8666 27335 8668 8662 8661 10480 51386 8663 3646 1861
2033 6502 1387 902 5933 1026 5934
1398 3673 9325 3710
71 5747 60 4643 4659
2186 2146 25855 121536
5970 1499 1495 2319
28957 6150 51069 26589 51264 56945 64928 51021 64975 29093 7818 63931 51081 219927 64960 51116 55173 64951 9801 128308 54460 54948 51642 6183 60488 64979 65005 64965 64432 92259 10240 116540 65080 28998 55052 64969 28973 51258 57129 54534 65003 65993 10884 29074 23107 64978 29088 64976 63875 122704 51253 51373 124995 11222 51073 64963 64968 65008 84545 28977 740 64949 114294 54148 6182 64983 84311 51649 51650 10573 55037 116541 79590 55168 51263 51023
4176 128866 10109 10094 10097 3364 10092 10093 10095 10096 5883
5713 5706 5714 5688 5682 9861 5718 5707 5687 5710 5690 5716 5689 5717 5692 5705 5693 5694 10213 5684 5709 5702 5704 5691 8624 5719 5700 5695 5686 5683 5711 5701 56984 5721 5715 5685
7323 5829 9590 11146
64601 57617 55823 57154
7416 6879 6667 5190
51604 6400 10026 8733
6642 9416 91949 10465 150684
91949 22796 25839 57511 83548 10466 84342
59345 2768
79801 6840 11218 9804
322 2783 2782 56655
4221 6845 5427 22894
8915 1938 8717 8613
27250 1207 5537 8717
5500 9559 8766 79869
23032 2273
351 9146 1656 29978
351 4173 9146 1656
6143 25920 22826 10254 55775
91949 22796 25839 83548 60561 10466 6499
3308 55746 9367 1488
10001 29079 1024 112950 55090 51003 9477 9439 55588 5469 6837 51586 9440 9412 84246 10025 9968 9442 90390 80306 400569 81857 9282 9443 892 54797
79184 51691 3068 26512
25885 2146 25855 121536
57634 55929 10933 86 10856 55257 10902 8295 117143 26122 8089 9643
6520 4738 51699 55167
1487 23429 10775 8535
93974 4289 30849 5289
6234 55327 5700 29924
6520 4738 51699 1603
89941 10849 5441 51082 84172 8140 64425
2783 2782 59345 2768
4172 3643 999 10589
64398 996 8662 27101 267
9295 5001 6774 7157
2010 6389 3956 51008
201595 5906 9804 387
10482 65057 54386 64780
1982 9521 3688 2873
51433 1650 64682 996 51434 29945 9133 29882
3313 8473 1147 7517
64785 9837 51659 84296
2966 8452 80223 10915
7403 54994 682 3932
2960 6938 9658 6929
6594 8087 22837 989
6152 2091 6732 9045 6143 6134 6234 6173 6130 9349 55299 6228 11137 6142 6135 6224 6159 6208 92856 6217 26354 6176 6231 6727 4691 23405 6129 6206 6233 6164 11224 10642 6189 6203 6125 6204 6161 4869 6141 6144 6193 6227 6146 6222 3178 6157 25873 6201 8531 6137 6132 6175 6230 55272 59 3608 10969 6156 6133 26156 6158 6235 6136 55131 6168 6223 3921 6194 4904 23521 6191 6188 6229 1915 6187 6139 10199 2197 6207 6209 6218 3192 6124 6181 6155 9188 51602 6202 4343 10514 6232 7311 4670 55646 5981 6169 6205 4736 8971 6122 6430 6128 10528
5902 2959 55037 64750
9219 57492 87 1969 5286
8905 162 164 10053 1174 130340
5433 5439 5441 5432 5435 5434 5431 5438 5430 5436 9150 5440
6873 6881 4643 5300
539 10469 10632 93974 10476 506 522 521 515 498 4722 4712
56945 2011 56647 409 9555
4928 57122 55746 79902 23279 11097 81929 5903
10980 50813 51138 1643 64708 8451 8453 6921 8454 10920 8533 9318 8450 9978 2873 10987 23594
6015 23429 284058 2873
6636 3297 5537 27348
5901 23049 10254 10026
23199 23049 8725 10026
55752 4735 23176 7402
8027 23557 282991 2647
389362 91584 26986 64750
4528 8803 7284 8802 3680
23020 6633 10594 25949 9343 1659 9716 988 5356 23398 9410 10450 27339 22938 56949 6634 10713 10421 51503 26121 10907 11017 9128 51340 9129 24144 94104 9092 8896 6632 6628 24148 3550 57461 22913 54108 55696 10262
3895 961 9517 7095
9967 23607 29924 1111
6642 64928 10465 8826 150684
10236 22837 25913 9590 989
3838 201595 7037 387
5576 5577 162 164 1174
6228 7525 648 5976 79658
11137 10498 8165 5926 5976
6881 84661 4809 5300
4738 7534 10801 55167
6633 9521 5501 2873
8563 10614 6741 29945 8896 8899
6638 65123 54464 6767 55257 9739
54512 55140 11127 30011
857 1738 3913 5160
10226 10109 331 329
6142 83990 7525 26520
57117 80789 55756 26173 55174 92105 54973 26512 57508 51367
1969 59345 7525 2767
4841 2068 902 9026
7706 8905 83443 130340
595 3778 4000
56915 54512 11340 23016 23404 51010 5393 5394 51013
9493 55588 1616 51808
5879 8027 3839 8487
83540 57405 9610 10403
322 10594 8905 29781 56655
3297 57504 3678 3996
6605 79801 55717 23339
2961 2965 26993 8450
8449 5901 988 10254
5576 64975 5577 79026
55845 10787 10163 10006 868
80153 5688 112950 8825
2958 2395 55957 8417
55140 8518 1605 7248
5073 55257 4704 1965
2186 9219 5928 54815 23309 3065 53615 3066 3915 1107 9112 25942 57459 57504 3678 1108 2146 121536
10971 55929 6396 79658 9643
65057 7014 25913
351 55802 5868 1656 23644
51720 991 8723 4087
128866 51160 7251 51510 25978 57132 27243
92856 54994 682 3932
10914 7341 7155 1400
10128 4035 10142 9519
5073 22803 54464 10657 80155
57510 27044 11154 2308
7818 5515 5516 55599
3276 79084 2935 64750
87 1969 2767 5286
10212 4735 3068 55717 4170
27316 208 59345 7337
2932 63931 6938 6929
51053 6502 1163 1017 891 890 5933 1026 81620
55140 11234 8518 1605
9918 701 991 4085 10499
5970 57410 1499 1495
8087 22837 161 989
322 84164 2782 56655 1615
11143 6830 23476 6829 5514
65057 51631 54386 3572
8801 81 9837 84296
6217 8819 5435 6396
4001 55737 9459 7456
2547 71 8727 84126
3276 2959 2935 64750
57634 701 55929 10933 10902 10499 26122 8089 9643
10226 3309 5501 331
22837 161 114823 989
5500 5664 9559 79869
55114 10487 983 7408
9919 23524 57703 22938 22985 5411
71 57504 3678 3996
23595 7323 29127 11146
81608 5888 5683 51230
3516 10066 9589 292
79718 5578 5721 10452
10643 4008 3673 3710
3958 5537 2237 8717
8607 4791 64425 4790 5971
595 1020 7353 10075
5576 5577 80349 84126
1956 3685 3655 3688 56655 5361 3675 2734
1654 59345 2768 6809
539 10469 10632 93974 10476 522 4712 10256
1981 5530 6464 58505
81572 55802 6231 6767 23644
11198 7525 891 23607 1111
5537 8915 27348 8717
10492 5721 5265 10452
23476 55749 9212 56259 5514 9371 11154
5052 9689 9879 10421
2963 8894 4704 1965
5902 637 9031 865 10847
2067 2072 9555 11066
10914 7341 1176 10239
10728 4893 9367 2597
2588 9810 5589 23193
3181 10285 23759 80012
6129 5435 7088 3911
8910 10440
867 868
4528 10128 8803 7284 10142
9462 55729 1977 9869
57805 4793 5518 5525
83540 7536 10985 57405 10403
83990 1029 10664 3993
79801 7411 7035 6840 10471 5202
6164 405 23165 10363
7414 1153 6629 128869
3376 9255 3735 5859 2058 7965 9521 5917 56655 51520 4141 1615
1477 7518 1479 11284
8473 10629 23513 5295
25949 5925 890 5933
1457 10138 79109 25855
10318 5001 6774 55723
6727 51592 8915 4008
51604 6400 94005 10026
595 1655 4000 121536
8772 841
2079 5693 25804 57599
4088 64601 57617 55823 4087
84991 10523 10992 84844 6632 57461 54108 10262
4172 4173 4174 4171 999 4175 10589
23186 55723 10362 55823
57492 9801 51763 6717
5426 8165 5427 2770
865 80789 10067 51367
4627 91584 3691 7409
708 9522 5160 219771
23032 998 5531 10036
6400 22974 10376 10026
5001 6774 5297 55723 55823
5982 6877 6874 51008
55749 329 9368 11154
55802 8666 5868 1656 51386 23644
2960 7750 23028 55758 9658
5001 6125 116461 192111 10048
6143 25920 7469 51497 55775
55832 2058 5287 27258
22916 1969 7525 2767
65123 55257 4704 1965 9739
4152 1019 79760 11284
23411 4035 10142 9519
5576 5577 3832 147841
23429 8535
57122 55746 79902 23279 9367 81929 3910
6396 5578 5721 10452
2072 2011 9555 11066
7411 7035 10471 5202 84612 5201
80789 54913 51367
91949 4869 150684 51665
7529 10557 10579 10393
6881 6118 9793 2885 5300
9406 2965 196528 811
80153 94005 6141 8825
23032 998 5531 2273
9793 2885 2923 54518
10788 3676 9590 4149
2033 6502 1163 890 902 5933 1026 81620
84313 51028
3551 2054 11176 2060
3609 7518 1479 1174
10787 830 832 2934
93974 4289 10296 1643 25852
9918 10592 79874 7517
6227 84612 5201 7409
1650 2130 6880 9133
8841 9551 5203 10892
6183 80335 5683 51230
55250 3655 25852 83737
9759 5287
55752 80349 123169 54623 9646 84126
6867 1478 10059 4683
9967 1025 29924 1111
54464 55257 4704 1965
5515 4793 5518 5525
10476 7090 6772 7088
3190 5082 3678 3996
5303 4174 4704 1965
25885 79595 5926 25855
4289 10296 116461 10048 54994 25852
51053 5001 5297 1017
595 6157 208 4000
7416 9342 6879 6667
8087 8531 22837 5711
2965 2968 196528 26993
10952 5519 6184 6747 2810 1603
51690 79002 7353 4853
92259 4791 1174 4790 5971
3676 3679 3910
2966 2965 2967 2968
5725 7428 124944 8417
161 5329 114823 2064
79002 7353 4853 80306
4172 8803 2956 26610
8027 10094 3839 8487 10095
1793 6175 2247 27348
84661 4809 6421 6182 1277
55802 8666 7307 93621
5901 56647 23049 10254
23513 51400 5578 5721
5033 5034 10092 2923
64785 4794 25929 84296
23451 5683 2934 51230
6520 51699 4659 1603
10013 4361 6809 2647
9817 5787
50813 50807 9521 8533 5917 2873
7414 10940 54913 128869
11137 23411 8165 10969 5926 5976
56647 3915 3913 3909
4152 7518 1479 11284
6520 5747 51699 4659
7037 143187 6845 2395 8417 10228 10490
26173 26156 3676 9590
2054 11176 2060 5584
5704 10499 5116 10589
23708 5829 6500 5711 9590
4673 10403 10393 11154
64398 830 6601 91754
5001 6774 192111 2776
8801 2962 81 7334
1650 3703 9133 58505
3728 2521 282991 2647
8451 25962 9837 84296
2961 23476 9212 84321
2186 23512 8726 2146 121536
5500 9559 5499 5568
2072 4976 8662 11066
11127 10013 86 3799
9793 2885 8819 23517
10856 522 3611 10256
10226 5434 331 26258
6873 6881 6921 5300
23032 998 6389 9584
5001 6774 55723 2776
201595 10952 6184 387
9459 7456
6389 51082 2017 9584
988 79706 6629 6634 10713 11017 9129 8896 6628
8841 7415 9551 5203
4758 7965 5519 2810
5424 10980 8086 8650 5558
5530 54994 682 3932
23199 10450 8725 10363
11127 30011 51747 9804 387
5970 7353 53981 4853
51428 64783 3146 79874
23032 9138 51386 2273
1499 1495 5595 2319
7037 143187 6810 8417 10228
6642 9564 58533 6643
9551 10892 8539 6738
4976 7416 6667 5190
83540 5577 147841 57405 10403
9135 8674 11091 64750
80349 123169 64223 54623 9646 79577
637 2958 55929 2177 10847
7341 7175 11171 30849 51295
4738 7534 51699 60 4659
4794 4791 4790 5971 4792
8815 328 8411 7057
6520 9255 51699 55131 4659
5478 11127 30011 22938 2483
6015 9276 284058 2873
322 2782 29781 56655
29781 23310 51763 545
10498 8772 841 4087
4172 6416 999 10589
2274 5530 3326 8826 114823
10189 10440 55690 3572
57492 8289 6605 6598 6601 86 5977 196528 27347 6595 55193 6604 6599 6603
24137 983 55646 7408
2011 161 5719 9555 2064
50807 9521 3688 2873
10592 7323 23397 79874 11146
2783 2782 59345 5189
3320 124944 6257 1603
6642 1973 58533 6643 27043
26986 4904 5329 7936 64750
63908 8774
5134 23521 6809 57680
8473 10629 9112 5295
3551 7329 8517 24148
25942 3646 2146 121536
10980 50813 1643 8453 10920 8533 9318 2873 10987 1174
55752 4735 23176 9656 10801
3838 201595 80143 387
351 9146 9577 23107 29978
10296 1643 9495 3191
79718 9612 5721 10452
164 10053 8906 130340
6520 7353 51699 10250 1603
2011 7846 9555 7048
57492 9801 1969 51763
5356 5435 2 6396
2067 1969 6139 2767 2770
10919 27044 11154 2308
80789 54973 27429 51367
79711 8243 9126 4217
2588 23557 7919 2647
7469 23028 51497 9658
9817 10952 1665 5787
23032 998 2969 5531
6636 23020 6633 9343 3297 9410 22938 56949 26121 10907 83443 6637 9128 24144 6632 57461
55140 8518 55250 7248
637 7531 865 8812
6400 22974 7336 54487 5566
93974 4289 79902 23279 3910
6207 284058 5519 58533
998 8208 5531 10036
201595 7756 9804 387
54881 60561 26168 27043 2483
10245 51103 4722 4712
51428 3146 79874 387
26173 7353 5557 4853
5577 147841 58517 10898
10296 116461 10048 5371
6015 648 57332 80012 6045
1650 58497 9133 55660
8518 27044 11154 2308
4035 79813 10142 9519
91949 5530 8826 150684
7251 5683 6257 51230
8751 5496 23013 23385
9462 55729 1977 1385
5478 23164 6124 10490
5001 6774 4085 5337
160 23708 6464 9188 58505
6642 10465 58533 6643 150684
9551 51692 10892 8539
50813 5885 5917 10283
2475 51592 4008 51602 3148
56259 9371
79711 6464 58505 4217
1499 1495 8148 6603
57492 8289 6598 830 6601 91754 55193 6603
10111 5885 60561 26168 9328 27043
2033 546 1387 1026 5934
1029 4343 10558 3993
57634 55929 10933 10856 10902 7027 819 26122
10226 331 9184 329
9861 55723 8573 6604
6502 1163 1387 1026 5934 81620
2960 6938 51530 6929
8540 5578 9939 5721
2072 9555 11335 11066
9221 10946 23524 57703 10250 22985 55660 5411
57122 55746 79902 11097 81929 79023 3910
55723 286826 2146 121536
5576 5577 147841 10898
3516 292 8546 9129
7158 5590 4670 3185 6418
7158 3185 819 6418
2782 6709 5189 28977
9135 3303 10094 3014
2783 2782 59345 3708
5001 6774 55723 8189
708 9522 94104 219771
6883 10629 5810 8295 51585
80153 5787 84790 8825
57122 10146 5082 5903
9367 7515 5423 3981
2054 2060 5584 84612
10788 3692 9590 4149
29780 3611
6464 27347 6604 6599 58505
3678 3996
4735 10844 3068 1874
991 4088 64151 4087
9551 10892 8772 8539
8487 50628 11218 9804 387
546 1387 5190 9652
7323 5829 29127 11146
2395 8417 10228 10490
5001 6774 192111 30836
147841 57405 6606 55168
4627 25801 3691 7409
2776 3710 65109 93973
9462 55729 1977 7936
6774 2776 57508 7150
91949 25839 83548 10466 388552 84342
64398 22916 27101 7525 64983
7756 9804 56254 387
4172 999 26610 10589
6709 5189 1059 114034
25962 9837 8085 84296
2068 890 902 9026
2958 55957 8417 51742
6881 5906 6883 10629 8295 117143
22976 54108 10262 5932
9611 9810 51592 4008 57680
5663 6128 2175 1021
220988 4735 9656 10801 51729
6881 6921 5300 8065
23199 23049 8725 10363
4437 5423 3981
894 896
79002 7353 4853 2734
55140 8518 1605 309
4735 9656 10801 6773
11176 2060 5584 84612
4152 1019 79760 1021
64708 8453 8533 9318 8450 9978 2873 10987 835
128866 51510 25978 27243 92421

